-68.180622
-79.236074
-80.476327
-75.071960
-69.852744


-71.52657
-72.726245
-73.62467
-74.546371
-75.94533
-76.1347
-70.44358
-69.120436

-68.34587
-66.4588
-64.1246435


-77.522719
-82.008276
-81.516489
-82.087693
-78.513971

-79.632747
-69.128450
-80.414034
-76.438652
-74.166603
-78.171653
-73.771844
-79.785911
-83.891290
-79.555273
-76.894323
-84.068286
-90.769182
-84.013846
-87.920773
-88.829055
-84.125596
-85.738397
-69.345106
-80.692789
-84.484983
-76.771568
-75.966047
-80.921850
-74.716321
-80.745016
-85.719630
-80.340439
-78.277960
-88.493918
-88.188111
-94.910782
-93.866635
-89.098910
-91.677516
-91.866855
-94.723965
-87.375621
-68.180622
-79.236074
-80.476327
-75.071960
-69.852744
-72.919562
-70.806119
-76.790540
-79.542251
-76.933339
-73.151632
-79.099259
-77.971374
-84.661926
-85.164616
-75.522719
-82.008276
-81.516489
-82.087693
-78.513971
-83.099435
-79.632747
-68.180622
-79.236074
-80.476327
-75.071960
-69.852744
-72.919562
-70.806119
-78.790540
-79.542251
-76.933339
-73.151632
-77.522719
-82.008276
-81.516489
-82.087693
-78.513971
-83.099435
-79.632747
-69.128450



-94.910782
-85.677516
-84.866855
-80.745016
-85.719630
-83.340439
-78.277960
-88.493918
-88.188111


-87.375621
-92.843883
-88.876605
-69.389659
-80.750615
-84.709320
-76.841161
-75.435366
-81.764308
-71.932103
-80.964619
-86.198713
-81.515642
-78.615889

-76.841161
-74.435366
-81.764308
-74.932103
-68.180622
-79.236074
-77.476327
-75.071960
-69.852744
-72.919562
-70.1236
-73.67278
-71.312479
-70.9479
-69.1346
-68.5719
