3.031929 
5.054660 
6.591827 
11.090175 
11.492806 
10.951286 
11.724128 
1.122370 
3.661006 
0.042414 
16.670534 
11.205171 
9.212007 
5.966594 
4.276446 
15.551705 
-1.751158 
6.515434 
2.803093 
12.286503 
9.304473 
2.246291 
4.854567 
8.954788 
7.825602 
11.065222 
15.047839 
10.122050 
-0.363565 
3.361483 
12.138319 
8.549815 
0.734713 
0.443073 
7.066854 
1.518524 
9.785262 
10.503473 
8.767194 
4.696261 
6.330614 
7.546811 
0.571659 
2.382771 
4.031819 
4.471850 
12.994753 
1.048204 
5.795187 
6.095149 
9.687715 
-1.582800 
-3.061176 
9.509918 
-9.435811 
4.549599 
-1.524529 
-1.165283 
-3.317954 
5.135391 
-7.249278 
-9.318162 
6.428052 
0.626996 
-0.305038 
0.213785 
-3.818577 
-3.195348 
-4.293198 
-7.006416 
0.570148 
6.679779 
-2.142570 
-4.558701 
-10.361844 
2.312734 
-2.525871 
-3.517012 
3.936388 
-4.598906 
-1.483465 
-6.683435 
-4.378257 
-1.069060 
-0.063109 
5.512624 
4.208031 
-3.243201 
-7.351961 
2.835214 
-0.425325 
-0.313447 
0.428124 
-0.623563 
-9.222971 
-0.623563 
-2.238499 
0.150356 
2.477975 
0.150356 
-6.295171 
-0.733370 
-3.895794 
-6.698951 
-4.490461 
1.474216 
-2.979310 
1.474216 
-5.668132 
1.377171 
-4.934424 
3.356337 
-2.294856 
-2.420332 
-3.278208 
-14.916755 
-8.361164 
-3.234691 
-4.253206 
-15.030489 
-8.846761 
-12.254652 
-6.300259 
-5.592600 
-10.093225 
-7.791672 
-9.136882 
-3.179882 
-13.616109 
-8.843424 
-8.096445 
-13.731965 
-9.843970 
-10.312923 
-5.308623 
-8.178066 
-3.298952 
-14.294665 
-4.878518 
-11.936663 
-8.602942 
-11.394820 
-9.931911 
-9.678550 
-11.067359 
-8.688078 
-1.747548 
-10.160261 
-3.298952 
-12.761133 
-10.999916 
-13.526852 
-3.842799 
-8.314495 
-3.628664 
-12.076362 
-9.214368 
-9.430598 
-9.772055 
-11.334097 
-9.744837 
-7.309428 
-11.405539 
-8.783739 
-2.512002 
-9.337951 
-10.284967 
-6.587002 
-7.348567 
-11.261632 
-7.911965 
-12.658865 
-6.153359 
-14.064769 
-9.053944 
-8.718302 
8.836563 
4.528655 
-0.322773 
9.626595 
5.183652 
9.133224 
5.921325 
6.282234 
2.531686 
1.268125 
5.912098 
1.787425 
7.440408 
9.128220 
1.855471 
10.295523 
14.328695 
8.954444 
7.602095 
-0.280885 
5.188450 
6.520790 
1.266550 
-3.474858 
3.911125 
3.832616 
12.771090 
6.307512 
4.467234 
5.961117 
4.935368 
2.358415 
3.624332 
2.036002 
6.387523 
11.679964 
7.382050 
3.826517 
8.160168 
2.737306 
8.160168 
4.803923 
4.913916 
9.641252 
8.643670 
12.057641 
4.976450 
5.058441 
8.637740 
3.466706 
8.511201 
3.633391 
1.752334 
0.305831 
-1.252040 
4.443597 
4.135918 
5.346125 
2.491823 
0.118570 
0.880767 
5.176108 
8.485497 
2.763107 
5.604405 
6.261865 
2.950422 
1.184174 
8.692870 
5.924078 
6.805663 
11.060345 
6.186554 
3.425997 
2.706817 
10.721104 
2.900284 
-2.632525 
7.614813 
7.193915 
7.421422 
-0.708251 
3.698998 
10.952633 
7.665214 
7.927544 
6.111578 
2.928061 
4.480265 
5.787437 
6.104451 
6.583679 
14.120551 
11.015032 
-0.015698 
5.732375 
6.269555 
7.954462 
6.830732 
10.690990 
8.702404 
9.965608 
7.178844 
7.195940 
10.689116 
8.002333 
3.400872 
3.298134 
1.032758 
-2.072172 
-1.414767 
-1.414767 
5.499106 
3.615309 
-4.647637 
2.606405 
0.492874 
-6.350957 
-2.134135 
-9.397651 
-3.663255 
-3.663255 
-3.817683 
0.519144 
-3.044234 
-5.442297 
2.875646 
-4.297323 
-5.525928 
-6.423446 
-3.139958 
-3.975624 
-5.442297 
-5.373007 
-7.435583 
0.193810 
-5.525928 
-4.297323 
-1.463117 
-1.681386 
-1.385698 
4.544642 
-1.255771 
-4.491133 
-8.453091 
-6.277130 
-1.161740 
-0.440307 
-1.281624 
-0.867283 
0.454646 
3.021885 
-0.130943 
-3.308400 
-5.886742 
-5.028075 
-1.308705 
-2.434452 
-1.276318 
-9.178156 
-1.171835 
-2.107539 
0.252398 
-1.098437 
-9.178156 
-5.293795 
3.028562 
-1.333993 
-8.560962 
3.377830 
-6.701927 
-8.352513 
-5.394656 
-3.189150 
-7.363265 
2.912976 
2.603041 
3.107898 
-3.311750 
0.918770 
-1.292730 
-2.094184 
-1.353856 
4.321596 
5.191465 
-1.812423 
-0.962741 
-0.357215 
0.058918 
-1.810821 
-2.999330 
-1.501875 
7.864155 
-5.694497 
-0.996299 
-0.151468 
2.370543 
-4.031470 
2.003767 
2.003767 
2.370543 
-4.043993 
-4.704036 
0.056522 
-1.664451 
-6.197539 
-8.357255 
-0.908808 
-5.631607 
2.680776 
6.114378 
-4.980074 
0.391983 
-1.307730 
2.750396 
1.173174 
0.001604 
-4.693525 
-2.515258 
0.381122 
-0.307215 
-8.285988 
-6.447864 
-10.036180 
-10.296190 
-6.577276 
-13.928945 
-10.049591 
-11.917407 
-10.568810 
-12.979117 
-8.608599 
-9.101757 
-18.587015 
-7.452015 
-10.255415 
-6.644078 
-4.879648 
-9.151942 
-10.621460 
-7.334004 
-11.065134 
-3.102003 
-13.362527 
-10.966894 
-9.511262 
-16.542078 
-5.211827 
-7.774553 
-10.191750 
-6.504922 
-7.541292 
-4.090658 
-2.242973 
-9.511262 
-16.542078 
-12.788633 
-7.519125 
-11.722038 
-5.438086 
-6.955343 
-8.988454 
-16.803451 
-5.408836 
-3.463023 
-8.044844 
-13.423942 
-10.508058 
-11.613602 
-9.814996 
-6.249282 
-16.803451 
-3.987336 
-9.523267 
-5.083853 
-9.391088 
-6.512491 
-6.582079 
-5.442140 
-13.848450 
-2.474163 
-7.133880 
-11.059965 
-12.501895 
-8.627802 
-12.917221 
-7.073314 
-5.134330 
-11.981378 
-7.812234 
-12.968010 
-10.359325 
-5.892225 
-11.851361 
-8.710798 
-11.321249 
-7.440274 
-6.393946 
-6.851669 
-4.292270 
-8.363678 
-6.155350 
-10.724425 
-1.570190 
-0.746844 
-6.381407 
-9.353789 
-5.072128 
-6.478950 
-5.717891 
-4.380849 
-8.654008 
-17.196488 
-12.733488 
-2.406884 
-7.355018 
-18.258673 
-10.169979 
-7.919024 
-10.039695 
-11.004089 
-14.705105 
-7.123258 
-11.062465 
-6.939457 
-4.995224 
-4.125800 
-0.710853 
-4.125800 
-13.675193 
-7.836777 
-7.430613 
-11.087500 
-12.457319 
-3.620717 
-9.443346 
-8.894722 
-3.620717 
-7.790749 
-11.321349 
-13.064759 
-7.367068 
-6.441572 
-7.781450 
-3.218226 
-11.349837 
-9.599806 
-10.762863 
-15.180930 
-12.989013 
-10.737453 
-16.333318 
-1.107956 
-5.120670 
-8.386525 
-15.228938 
-9.599806 
-6.197091 
-8.270144 
-8.048679 
-6.107665 
-5.386534 
-9.835048 
-6.619516 
-11.403115 
-11.112369 
-12.347919 
-7.824254 
-8.093449 
-18.439006 
-9.391510 
-10.500980 
-10.067976 
-5.838793 
-5.596860 
-8.074946 
-1.275835 
-8.522791 
-7.533284 
-12.478091 
-10.764098 
-6.519032 
-8.834731 
-7.263991 
-8.933441 
-6.239672 
-13.762171 
-5.018648 
-3.748600 
-4.626519 
-6.892530 
-10.348827 
-9.327953 
-10.643678 
-9.042621 
-5.963611 
-4.827599 
-5.434112 
-4.121568 
-14.452262 
-15.426207 
-4.492015 
-14.452262 
-17.913438 
-12.975329 
-10.877848 
-11.354954 
-10.963370 
-13.299677 
-0.023575 
-8.325713 
-13.758593 
-12.050975 
-9.414140 
-14.509295 
-5.826340 
-5.226226 
-10.713405 
-13.776807 
-5.559956 
-12.593292 
-16.229422 
-3.770046 
-10.026767 
-13.648720 
-5.051454 
-7.666110 
-8.811867 
-11.560891 
-7.101332 
-11.114042 
-10.519782 
-10.288577 
-10.517124 
0.571998 
-12.811866 
-9.991039 
-15.308656 
-9.497461 
-3.085062 
-10.046028 
-3.085062 
-10.450544 
-7.410028 
-7.925389 
-9.497461 
-5.178221 
-12.288727 
-11.968526 
-8.528341 
-10.377847 
-5.627603 
-2.064587 
-5.805710 
-3.642768 
-8.440326 
-3.270006 
-1.378004 
-12.132838 
-3.177108 
-7.942827 
-10.444834 
-10.028893 
-15.269754 
-6.312488 
-6.325404 
-11.357824 
-5.316127 
-13.387425 
-10.028893 
-15.269754 
-8.392726 
-6.137433 
-7.244503 
-6.852951 
-11.112211 
-3.014849 
-6.067589 
-7.768069 
-3.840298 
-18.438784 
-9.710473 
-7.701897 
-6.210327 
-7.990552 
-9.717191 
-10.244291 
-7.285836 
-10.904316 
-7.597209 
-9.166353 
-4.011440 
-5.312456 
-5.950190 
-7.881248 
-4.511175 
-3.654075 
-4.113389 
-3.374466 
-9.277413 
-7.348346 
-12.599468 
-7.771217 
-10.330341 
-7.342617 
-14.571017 
-7.807157 
-8.809722 
-11.327081 
-8.735673 
-9.937542 
-11.279759 
-13.992828 
-4.891153 
-5.242181 
-10.276098 
-12.963005 
-11.130045 
-13.773321 
-6.939214 
-12.575692 
-8.191132 
-12.054165 
-13.765236 
-6.053258 
-0.714136 
-10.923503 
-5.136222 
-7.293142 
-6.725750 
-5.261563 
-6.550134 
-6.311602 
-4.028417 
-13.509165 
-15.631985 
-17.237722 
-9.056476 
-5.440429 
-10.148959 
-9.335996 
-17.990710 
-12.282776 
-17.675770 
-13.503198 
-16.837779 
-5.504621 
-5.909266 
-6.634549 
-5.379040 
-17.675770 
-7.469544 
-11.404365 
-11.448270 
-7.560675 
-10.036955 
-14.114715 
-5.748618 
-5.156508 
-7.906074 
-14.549667 
-3.291478 
-1.730592 
-13.037213 
-8.325448 
-8.126430 
-1.730592 
-8.898777 
-5.191952 
-2.254614 
-2.458425 
-16.211350 
-4.326616 
-10.036955 
-7.063168 
-10.263891 
-14.084470 
-8.706077 
-7.641599 
-12.589427 
-10.164067 
-1.185615 
-10.164067 
-3.525856 
-6.088317 
-7.531397 
-3.525856 
-2.824123 
-14.253489 
-7.192994 
-9.952376 
-14.189316 
-9.503834 
-9.946706 
-10.194877 
-2.653952 
-6.892525 
-9.487994 
-14.292669 
-6.610286 
-10.639295 
-12.240316 
-14.830630 
-5.681639 
-12.578772 
-7.933776 
-10.622506 
-17.812901 
-6.111910 
-3.568055 
-8.383883 
-10.053546 
-7.029882 
-7.450035 
-12.070930 
-10.428554 
-10.222413 
-5.052528 
-8.764278 
-13.570802 
-5.076034 
-8.961040 
-14.514990 
-7.918809 
-10.178475 
-15.416844 
-4.361813 
-11.351772 
-8.257621 
-5.664000 
-6.366744 
-12.776941 
-3.898676 
-4.700761 
-12.425854 
-3.299091 
-9.327534 
-10.048026 
-5.522734 
-10.266228 
-8.286722 
-6.314132 
-8.961050 
-13.194137 
-4.974602 
-10.269384 
-11.187752 
-10.056889 
-4.448512 
-7.763731 
-10.194781 
-13.300161 
-14.418809 
-10.794976 
-7.116024 
-0.349187 
-9.345388 
-6.676543 
-7.523103 
-4.460934 
-6.024176 
-7.871714 
-11.850909 
-12.188142 
-14.418809 
-10.794976 
-7.116024 
-0.349187 
-7.523103 
-4.460934 
-7.871714 
-10.783380 
-9.484952 
-8.074946 
-12.494204 
-6.482897 
-1.275835 
-7.533284 
-7.531111 
-4.568611 
-12.478091 
-8.767011 
-9.963349 
-7.737967 
-4.689485 
-7.263991 
-8.933441 
-9.501651 
-9.980709 
-6.239672 
-16.336007 
-6.305877 
-5.977948 
-9.907106 
-9.327953 
-11.909220 
-10.643678 
-9.388341 
-9.042621 
-15.426207 
-7.646045 
-4.827599 
-7.268261 
-5.434112 
-13.760933 
-4.121568 
-5.147004 
-14.452262 
-9.327953 
-11.909220 
-10.643678 
-9.201637 
-15.426207 
-4.310334 
-15.317020 
-4.827599 
-4.492015 
-5.434112 
-14.452262 
-6.135544 
-8.074946 
-6.482897 
-1.275835 
-7.531111 
-12.478091 
-8.767011 
-9.963349 
-7.737967 
-10.764098 
-4.689485 
-6.519032 
-8.834731 
-7.263991 
-12.026324 
-9.501651 
-6.239672 
-8.571310 
-5.352269 
-10.348827 
-9.327953 
-11.909220 
-9.388341 
-9.201637 
-4.310334 
-5.963611 
-4.827599 
-4.492015 
-7.268261 
-13.760933 
-7.698142 
-14.452262 
-11.909220 
-15.426207 
-4.310334 
-15.317020 
-5.963611 
-4.492015 
-14.452262 
-8.074946 
-7.891117 
-6.482897 
-4.529207 
-10.253665 
-7.531111 
0.363234 
-7.263991 
-12.026324 
-9.501651 
-9.980709 
-6.239672 
-13.762171 
-5.018648 
-8.571310 
-3.748600 
-9.907106 
-4.626519 
-10.348827 
-11.909220 
-9.388341 
-4.310334 
-5.963611 
-4.827599 
-7.268261 
-13.760933 
-7.698142 
-9.201637 
-15.317020 
-5.963611 
-4.492015 
-5.434112 
-13.760933 
 
 
