19.512229 
8.849297 
4.842869 
8.115606 
12.714676 
8.167090 
2.584991 
5.003863 
3.601514 
6.269190 
2.533650 
9.633109 
3.595868 
6.852325 
6.926375 
0.738995 
7.611442 
3.112972 
0.018343 
7.526652 
11.029635 
12.635787 
14.025686 
8.546786 
12.435662 
11.459569 
4.014392 
7.025858 
5.904202 
9.769090 
4.912941 
5.187636 
4.571946 
4.432621 
9.400274 
4.987963 
2.539147 
8.073745 
2.425145 
5.507361 
9.170210 
8.373433 
10.641429 
2.808544 
9.674561 
9.177776 
2.564833 
3.916378 
4.666926 
8.221666 
3.957733 
9.511967 
9.530918 
7.193335 
14.986501 
3.314261 
9.985971 
4.001333 
5.170433 
4.397977 
3.314261 
0.423184 
2.176706 
4.843261 
5.758904 
4.497940 
4.162794 
4.883107 
4.049402 
3.510925 
-0.067673 
5.166414 
4.695242 
1.658683 
2.165671 
10.946583 
-0.346259 
6.030551 
13.819425 
4.639955 
4.627204 
7.266625 
12.634550 
4.221770 
13.807886 
6.710491 
8.237470 
15.915455 
3.083485 
3.438437 
3.990004 
5.605521 
10.695914 
5.115077 
7.319903 
4.297754 
2.931493 
6.696075 
2.229453 
5.363380 
2.099388 
2.142166 
3.627206 
7.053762 
7.607070 
9.247546 
2.764098 
4.437216 
10.335369 
2.032509 
4.080833 
5.363380 
2.142166 
6.809232 
15.270573 
3.507741 
7.852302 
5.258937 
8.529568 
0.143109 
11.137061 
16.334793 
5.904326 
4.544969 
0.540701 
8.269518 
6.343974 
7.562706 
10.890871 
4.554113 
4.352561 
10.478897 
5.432494 
7.133504 
7.317333 
10.679242 
6.685659 
6.441439 
7.470483 
6.373719 
6.275008 
3.182125 
8.968778 
-1.127558 
10.581930 
3.299229 
-0.108570 
9.244839 
1.447516 
7.510308 
10.061445 
5.880497 
3.299229 
6.006813 
6.165828 
-0.217757 
10.898115 
9.774338 
0.756188 
9.647161 
1.164125 
8.756659 
6.611071 
9.541913 
10.872612 
5.671840 
-1.068330 
7.523720 
1.189950 
3.771266 
-0.727616 
3.746457 
9.048982 
9.972011 
4.208130 
4.468889 
7.611493 
1.748049 
5.687251 
8.780952 
5.502971 
1.346954 
11.119143 
14.453282 
8.589398 
2.318751 
13.165077 
0.499265 
7.522293 
5.264972 
1.912653 
9.392347 
1.025196 
5.114378 
4.004606 
10.278066 
-1.425027 
1.758645 
8.190525 
11.918620 
8.861840 
5.181207 
0.296147 
5.450798 
2.699113 
3.546440 
0.099939 
2.262138 
12.753184 
3.904928 
0.080189 
2.262138 
5.343415 
15.617437 
11.574084 
-1.142992 
14.722241 
4.612434 
14.938983 
4.132640 
8.797454 
13.623832 
4.600941 
14.815280 
9.714521 
3.003533 
5.569004 
2.849830 
4.360838 
2.359971 
4.360838 
5.917485 
11.954246 
1.009683 
5.821808 
12.699052 
7.978040 
4.631701 
11.707646 
12.185400 
12.255655 
5.591234 
12.934243 
0.708023 
6.948792 
13.858665 
13.123114 
6.594850 
9.418112 
7.773503 
7.913017 
5.568671 
9.553054 
4.233161 
2.714245 
13.932615 
10.679242 
7.675166 
6.441439 
8.689418 
3.182125 
1.446278 
5.301343 
3.299229 
5.820109 
10.898115 
-0.108570 
9.244839 
9.774338 
1.447516 
10.061445 
6.006813 
6.165828 
10.716435 
9.835683 
4.174798 
5.400646 
4.927364 
9.834241 
2.862808 
6.951574 
3.787277 
11.640787 
8.300454 
2.067361 
6.696781 
17.565055 
1.593054 
11.855291 
9.625468 
5.892642 
12.061423 
6.427824 
5.412731 
5.011761 
3.189265 
9.184874 
7.179627 
-0.035397 
3.266482 
-6.714168 
14.431082 
2.917755 
-0.346010 
11.327170 
-0.592822 
7.200868 
8.088848 
9.253424 
5.786957 
-0.424628 
9.263613 
3.890371 
9.401632 
-7.664443 
8.931444 
6.431595 
10.882291 
5.810137 
