4.936142 
3.590764 
2.487441 
-4.530583 
-0.010480 
9.450931 
0.428086 
-6.798600 
-2.006342 
2.756982 
-0.823552 
5.759536 
-1.015488 
2.107931 
10.238552 
1.913977 
6.211377 
-2.334914 
3.269211 
-0.708586 
1.700244 
1.403134 
2.874541 
4.567278 
-0.199659 
-1.442484 
-0.748190 
-3.130876 
2.880431 
4.834121 
-0.890337 
0.840537 
-0.600021 
0.528598 
0.429887 
4.344680 
3.933023 
3.385380 
-0.543778 
5.353429 
-0.985499 
0.035376 
-2.545892 
-1.280350 
0.161692 
0.320707 
-6.062879 
5.052994 
-5.953692 
3.399717 
1.717283 
4.535729 
2.095067 
-2.545892 
0.161692 
5.052994 
-5.088934 
-1.879792 
-2.303993 
-7.251107 
-0.464421 
0.821844 
-0.357332 
-2.969371 
-2.635368 
0.721475 
-1.223036 
1.286720 
1.103233 
5.946006 
6.603711 
-3.724390 
-0.135279 
-2.390472 
0.463951 
-0.649151 
-1.344818 
0.988660 
0.630450 
0.017841 
-4.069275 
-5.234445 
3.913354 
-0.390540 
2.651782 
9.219678 
2.651782 
1.048207 
-3.365649 
0.696961 
4.132155 
-0.397035 
3.349774 
-1.323574 
1.010864 
7.511049 
0.387497 
9.107796 
2.128371 
0.728851 
4.738620 
2.470874 
-3.163554 
0.119045 
5.493484 
5.398649 
5.071738 
1.636993 
0.664075 
-0.721797 
-3.679169 
-5.704381 
5.678576 
2.040725 
6.421784 
-4.299154 
-0.696261 
-2.588027 
4.458156 
4.621800 
-1.714784 
6.292396 
-2.009735 
2.213164 
0.109388 
4.234301 
2.236497 
-2.589082 
-5.313953 
1.380219 
-2.568709 
5.905753 
-5.815025 
0.654458 
7.451179 
5.045030 
6.675921 
-1.431509 
-3.159197 
1.265950 
-7.414393 
-2.662016 
3.305983 
3.620050 
1.420732 
0.074909 
-2.700057 
5.124815 
9.116964 
-2.785159 
6.595989 
6.454689 
7.657806 
-3.073372 
0.916462 
-1.038236 
5.291327 
-1.098513 
2.720148 
0.867681 
4.841016 
1.100115 
-0.077102 
1.136543 
-2.492051 
3.798609 
-0.381330 
1.842413 
-0.438174 
4.435607 
1.943459 
-4.130438 
0.143461 
-1.615335 
1.236965 
-2.116413 
-3.956854 
0.391522 
2.952805 
-11.851875 
2.054100 
-1.658642 
0.750066 
9.325657 
-0.754866 
-4.443012 
4.589264 
-1.230906 
-1.585614 
8.293856 
