7.347239
4.718264
2.567966
3.579804
3.073939
8.570006
5.262754
3.137025
4.467375
3.250937
9.333988
2.870817
7.288705
8.400037
21.790089
10.246889
5.586918
6.230975
5.955828
10.867284
14.774383
7.646691
7.050729
7.911880
15.055946
12.022382
10.152629
15.150111
21.793015
10.247169
5.587027
6.231067
5.955930
10.867360
14.775249
7.646891
7.050817
7.912090
15.056244
12.023171
10.152731
15.150518
7.347239
4.718264
2.567966
3.579804
3.073939
8.570006
5.262754
3.137025
4.467375
3.250937
9.333988
2.870817
7.288705
8.400037
7.347239
4.718264
2.567966
3.579804
3.073939
8.570006
5.262754
3.137025
4.467375
3.250937
9.333988
2.870817
7.288705
8.400037
21.790089
10.246889
5.586918
6.230975
5.955828
10.867284
14.774383
7.646691
7.050729
7.911880
15.055946
12.022382
10.152629
15.150111
21.793015
10.247169
5.587027
6.231067
5.955930
10.867360
14.775249
7.646891
7.050817
7.912090
15.056244
12.023171
10.152731
15.150518
21.793015
10.247169
5.587027
6.231067
5.955930
10.867360
14.775249
7.646891
7.050817
7.912090
15.056244
12.023171
10.152731
15.150518
21.793015
10.247169
5.587027
6.231067
5.955930
10.867360
14.775249
7.646891
7.050817
7.912090
15.056244
12.023171
10.152731
15.150518
21.793015
10.247169
5.587027
6.231067
5.955930
10.867360
14.775249
7.646891
7.050817
7.912090
15.056244
12.023171
10.152731
7.543048
10.647057
5.089891
6.650745
2.497776
7.946765
8.324888
8.733471
8.666962
3.189900
8.400037
12.269739
15.276246
8.211872
9.003736
3.572255
12.512151
10.778441
12.966799
11.262943
4.444842
12.733462
14.437477
17.350888
9.235167
9.676349
3.822568
14.528031
11.491988
14.701672
12.036810
4.745324
14.548924
7.543048
10.647057
5.089891
6.650745
2.497776
7.946765
8.324888
8.733471
8.666962
3.189900
8.400037
7.543048
10.647057
5.089891
6.650745
2.497776
7.946765
8.324888
8.733471
8.666962
3.189900
8.400037
12.269739
15.276246
8.211872
9.003736
3.572255
12.512151
10.778441
12.966799
11.262943
4.444842
12.733462
14.437477
17.350888
9.235167
9.676349
3.822568
14.528031
11.491988
14.701672
12.036810
4.745324
14.548924
15.038065
17.916851
9.471729
9.823985
3.874286
15.072655
11.649546
15.149481
12.209205
4.807848
15.023644
15.168519
18.039170
9.520511
9.854052
3.884680
15.190001
11.681679
15.244635
12.244436
4.820432
15.124906
15.195023
18.063994
9.530310
9.860076
3.886756
15.213799
11.688119
15.263873
12.251500
4.822947
