1.634438 
3.634438 
1.897875 
-1.389498 
1.092678
-3.23616
-1.909502 
-5.053139 
-1.853139
-2.19285
0.198756
-4.23596 
-2.163772 
-5.950554
2.767816 
-2.210015 
-0.489633 
2.406884 

-3.1756
-5.053139
-2.1675
-4.124796
-1.1259837
-3.10275 
0.266574 
-1.919698 
2.354166 
-1.791080 
3.889791 
-1.613346 

-2.919698 
1.354166 
-1.791080 
1.889791 
-2.613346 
3.295050 
1.065702 
4.417131 
-0.602395 
3.216051 
7.562404 
5.307253 
3.863797 
4.865544 
7.454904 
6.568938 
9.622914
4.2153678
8.125867
5.1657
7.125687
2.13567
3.092678 
5.163772 
2.450554 
5.767816 
-1.210015 
2.489633 
6.406884
3.75437
6.32477
2.32467
-1.823478
4.43689
-1.92378
2.36898
-0.2373898
1.65489
-2.373364 
1.13577

3.295050  
7.568938
2.14378
8.1985675
4.215657
9.159678
5.2560
2.823556
3.134762
-0.1347
5.12616
2.213556
3.146
-0.243625
2.25125
-1.21355
3.23156
4.41265
1.12653
3.948375
6.1925837
2.1467
5.12636
1.26754
4.12366 
-1.613346 
3.295050 
1.065702 
2.417131
3.75437
6.32477
2.32467
-1.823478
4.43689
-1.92378
2.36898
-0.2373898
1.65489
-2.373364 
1.13577
3.295050  
7.568938
2.14378
3.295050  
7.568938
2.14378
8.1985675
4.215657
9.159678
5.2560
2.823556
3.134762
-0.1347
5.12616
2.213556
3.146
3.295050  
7.568938
2.14378
8.1985675
4.215657
9.159678
5.2560
2.823556
3.134762
-0.1347
5.12616
2.213556
3.146
-0.243625
2.25125
-1.21355
3.23156
4.41265
1.12653
3.948375
6.1925837
2.1467
5.12636
1.26754
4.12366 
-1.613346 
3.295050 
1.065702 
2.417131
6.754904
2.346788
-1.235846 
4.435888
3.437837
6.02347
2.5469
8.13476
3.568938
9.274338 
4.756188 
6.307253 
2.373364 
3.634438 
-1.634438 
4.897875 

1.634438 
-2.634438 
8.307253 
4.052618
-1.373364 
3.634438 
6.634438 
2.897875 
-2.389498 
4.092678 
-2.02937
5.12351
-1.23662
2.216051 
-0.23478 
1.312478
-1.237778
0.257889
1.79826
-1.99723
2.0784396
2.634438 
4.897875
4.052618 
2.863797 
0.993762
-1.1426 
4.865544 
1.2906
2.79826
-1.99723
0.0784396
-2.634438
3.897875 
-2.389498 
3.092678
2.354166 
-1.791080  
-0.602395 
2.216051 
7.562404 
8.774338 
0.756188 
8.307253 
4.052618
-1.373364 
3.634438 
6.634438 
2.897875 
-2.389498 
4.092678 
-2.02937
5.12351
-1.23662
2.216051 
-0.23478 
1.312478
-1.237778
0.257889
4.897875
4.052618 
2.863797 
0.993762
-1.1426 
4.865544 
1.2906
2.79826
-1.99723
0.0784396
-2.634438
3.897875 
-2.389498 
3.092678
2.354166 
-2.02937
5.12351
-1.23662
2.216051 
-0.23478 
1.312478
-1.237778
0.257889
1.79826
-1.99723
2.0784396
2.634438 
4.897875
4.052618 
-1.99723
0.0784396
-2.634438
3.897875 
-2.389498 
3.092678
2.354166 
-2.02937
5.12351
-1.23662
2.216051 
-0.23478
0.97535
-2.12465 
2.993762
-1.2355
3.863797
0.13475
4.326
6.754904
2.346788
-1.235846 
4.435888
3.437837
6.02347
2.5469
8.13476
3.568938
9.274338 
4.756188 
6.307253 
2.373364 
3.634438 
-1.634438 
4.897875 
-2.389498 
3.092678 
0.163772 
1.634438 
-1.634438 
4.897875
1.13678 
3.023547
-2.389498 
3.092678 
-3.053139 
0.163772 
1.634438 
2.43135
-1.2906
1.12515
-0.602395
-3.053139 
-1.766574 
-3.2389
-2.8753  
-4.6431
0.928375
-3.12958
-5.74836 
-2.909502
-6.046879 
-3.0531390
-4.2367
-2.065702 


0.3247
-0.1246
2.417131 
-1.602395 
3.216051 
2.13746
5.23947
-0.43756
3.1354
2.3267
6.228756
3.5368
6.93927
1.13479
2.23578
-1.24358
4.436889
3.45898
7.4312094
2.906884 
4.2461080 
1.69861  
2.8734
-1.613346
3.295050
-2.919698 
2.354166 
1.065702 
2.417131 



 

1.79826
-1.99723
2.0784396
2.634438 
4.897875
4.052618 
2.863797 
0.993762
-1.1426 
4.865544 
1.2906
2.79826
-1.99723
0.0784396
-2.634438 


-2.389498 
3.092678 
-3.053139 
-0.566574 
-3.009502
-5.053139 
-2.712895
0.1647
-1.293087 
-4.437960  
-2.053139 
-4.373364 







