0.010667
0.010986 
0.011435
0.012546
0.013333 
0.014231
0.015431
0.0172356
0.020000
0.020143
0.020467
0.020943
0.021946
0.021534
0.022101
0.0225437
0.023547
0.024167 
0.025778 
0.026667 
0.028444 
0.031345
0.033333
0.035215
0.037333 
0.039111 
0.040000
0.041235
0.04366 
0.044444 
0.046287
0.048000
0.049125 
0.050286 
0.050667 
0.051935

0.064000
0.066666 
0.068444 
0.070222 
0.072889 
0.075556 
0.077333
0.079123 
0.080000 
0.081889 
0.083556 
0.085333
0.087135
0.089214 
 
0.101333 
0.103111 
0.104000 
0.105778 
0.106667 
0.107556 
0.108000 
0.112000 
0.114667 
0.115000 
0.116444 
0.117333 
0.119325

0.124444 
0.127111 
0.128257 
0.128889 
0.129778 
0.130667 
0.131556
0.132788 
0.133333 
0.134222 
0.135111 
0.137778
0.139125 
0.140444 
0.142222
0.143755 
0.144889 
0.147556

0.162667 
0.164146 
0.165444 
0.1669125
0.167333 
0.168222 
 
0.190222 
0.192889 
0.195216
0.197333 
0.199111 



0.208889
0.215111   
0.229435   
0.233778  
0.248943
0.258000   
0.268000 
0.277333 
0.284444 
0.298667
 


0.308000  
0.316000 
0.328000 
0.335111 
0.340000  
0.361556 
0.376000 
0.388000 
 
0.405333  
0.456000 
0.468000
 
  
0.536000 
0.656000  
0.716000  
0.996000 
