0.01325
0.012255
0.011245
0.0181436
0.010315
0.014215

0.023565
0.026667
0.0273477
0.0283146

0.0301466
0.0314856
0.0335737
0.0383146 

0.0416145
0.0429437
0.04589537
0.046139876
0.04789175 
0.048000 
0.052444 
0.054333 
0.0558727 
0.056889 
0.057778 
0.058000 
0.059556 
0.061333 
0.063218
0.064000 
0.0674715
0.068444 
0.072889 
0.076556 
0.078333 
0.081889 
0.083556 
0.085333
0.0869784 
0.0882346 
0.091667 
0.093975
0.094733 
0.096115 
0.097914
 
0.103221 
0.104111  
0.105778 
0.106667 
0.107556 
0.1098715 
0.11281742 
0.114667  
0.116444 
0.117333  
0.121889 
0.122778 
0.126444 
0.127111 
0.1282537  
0.129778  
0.132102 
0.133433 
0.134522 
0.135621 
0.138637 
0.143222 
0.144889 
0.147556 
0.151927 
0.153778 
0.154667 
0.156444 
0.157333  
0.163667 
0.1657891 
0.166039 
0.167833  
0.168355 
0.168889 
0.173444 
0.175111 
0.176946 
0.176889 
0.178104 
0.178667 
0.181444 
0.182333 
0.183222 
0.184943
0.186778 
0.188245 
0.191222 
0.193889 
0.195375
0.197333 
0.199346 
 
0.204667 
0.207111 
0.208237
0.209589
0.210345
0.2115485 
0.213667 
0.216111
0.221915 
0.222824
0.223932   
0.232147    
0.236744 
0.238222 
0.241345 
0.254367 
0.268567
0.271267
0.283926
0.294677
 
0.303545
0.3089347 
0.309333 
0.316000 
0.328000 
0.335111 
0.340000 
0.352000 
0.371556 
0.376000 
0.388000
 
0.400000 
0.415333  
0.438000 
0.456000 
0.460000 
0.468000
 
0.516000 
0.528000 
0.532458
0.552835
0.57620
0.591245
0.60136
0.62356
0.72470


 







 


 
 
 
