Mean	Edge	Peak	median	beta	SINR	Fairness
-45.04	-85.44	-54.38	-34.83	0.01	17.75	0.79
-44.46	-92.72	-51.64	-30.39	0.01	16.25	0.74
-44.25	-90.45	-50.30	-31.16	0.01	16.50	0.74
-44.23	-85.84	-53.78	-32.42	0.01	17.50	0.76
-44.20	-88.84	-50.91	-31.65	0.01	16.75	0.75
-43.93	-84.22	-50.53	-34.60	0.01	18.25	0.78
-43.86	-79.76	-54.00	-33.75	0.01	18.75	0.80
-43.84	-79.29	-53.12	-35.57	0.01	19.00	0.80
-43.83	-79.29	-52.88	-34.60	0.01	18.50	0.79
-43.82	-70.89	-54.65	-36.00	0.01	20.00	0.84
-43.80	-72.64	-53.83	-35.66	0.01	19.75	0.82
-43.76	-78.16	-52.51	-33.71	0.01	19.25	0.82
-43.74	-86.64	-51.70	-30.93	0.01	17.00	0.75
-43.68	-85.44	-50.35	-33.96	0.01	17.25	0.75
-43.57	-41.30	-53.82	-37.30	0.01	21.50	0.86
-43.57	-77.34	-53.84	-35.66	0.01	19.50	0.82
-43.51	-24.79	-56.49	-37.53	0.01	21.75	0.88
-43.47	-56.33	-55.46	-36.49	0.01	20.75	0.86
-43.42	-8.58	-55.04	-38.21	0.01	22.25	0.88
-43.40	-56.33	-55.39	-35.49	0.01	21.00	0.86
-43.35	-66.83	-54.92	-35.50	0.01	20.25	0.84
-43.30	-83.02	-52.51	-31.90	0.01	18.00	0.79
-43.17	-62.78	-54.80	-35.57	0.01	20.50	0.85
-43.16	-57.13	-55.27	-36.57	0.01	21.25	0.85
-42.98	-61.18	-50.13	-32.82	0.04	15.50	0.77
-42.93	-16.81	-55.41	-37.67	0.01	22.00	0.87
-42.84	-0.75	-54.17	-38.66	0.01	22.50	0.88
-42.53	-70.89	-48.26	-30.93	0.04	14.50	0.74
-42.27	-68.08	-49.46	-30.99	0.04	15.25	0.77
-42.21	-69.23	-49.40	-30.28	0.04	15.00	0.75
-42.11	-68.43	-46.53	-29.90	0.04	14.75	0.74
-41.98	-53.90	-51.62	-32.84	0.04	16.00	0.81
-41.85	-49.17	-52.53	-32.74	0.04	16.25	0.82
-41.68	-56.45	-49.29	-32.74	0.04	15.75	0.80
-41.31	-45.57	-50.25	-34.60	0.04	16.50	0.81
-41.11	-41.95	-53.06	-32.60	0.04	17.00	0.84
-41.07	-45.67	-53.20	-34.66	0.04	17.50	0.83
-41.01	-31.02	-54.65	-34.57	0.04	17.75	0.85
-41.00	5.38	-52.65	-38.41	0.04	22.25	0.85
-40.94	-48.55	-52.81	-32.40	0.04	16.75	0.84
-40.90	-26.54	-52.89	-35.57	0.04	18.00	0.86
-40.86	-21.46	-54.92	-34.30	0.04	18.50	0.86
-40.86	3.50	-53.27	-38.66	0.04	22.50	0.84
-40.77	1.20	-54.95	-37.32	0.04	20.75	0.86
-40.75	-22.54	-55.06	-34.45	0.04	18.25	0.87
-40.68	-19.68	-52.74	-35.57	0.04	18.75	0.86
-40.67	3.78	-53.81	-38.15	0.04	21.75	0.86
-40.63	-54.85	-44.83	-29.82	0.07	12.50	0.75
-40.54	-40.37	-51.88	-33.73	0.04	17.25	0.83
-40.48	4.23	-54.98	-34.98	0.04	20.00	0.88
-40.46	7.88	-52.71	-37.43	0.04	21.50	0.86
-40.44	-11.76	-52.74	-35.09	0.04	19.25	0.87
-40.43	4.93	-56.10	-35.49	0.04	21.00	0.87
-40.33	0.68	-53.17	-36.49	0.04	20.50	0.86
-40.32	-3.23	-54.02	-35.02	0.04	19.75	0.87
-40.29	-54.00	-45.11	-31.76	0.07	12.25	0.75
-40.29	-11.71	-53.31	-34.83	0.04	19.00	0.86
-40.28	3.03	-53.97	-35.68	0.04	21.25	0.86
-40.26	-42.65	-47.28	-32.74	0.07	13.75	0.80
-40.20	-4.63	-53.10	-35.57	0.04	19.50	0.87
-40.19	-50.65	-46.07	-30.16	0.07	13.00	0.76
-40.13	0.68	-56.03	-34.71	0.04	20.25	0.88
-40.07	-49.05	-46.48	-30.07	0.07	13.25	0.78
-40.04	-46.65	-46.95	-31.91	0.07	13.50	0.78
-39.96	-52.00	-43.23	-28.68	0.07	12.75	0.75
-39.91	8.10	-53.24	-38.46	0.04	22.00	0.85
-39.85	-41.55	-48.95	-31.93	0.07	14.50	0.81
-39.56	-47.12	-47.40	-30.82	0.07	14.00	0.80
-39.51	-20.96	-51.37	-32.55	0.07	15.50	0.84
-39.50	-32.14	-49.42	-31.24	0.07	15.25	0.84
-39.49	-40.32	-47.86	-31.90	0.07	14.75	0.81
-39.40	-34.49	-49.30	-32.26	0.07	15.00	0.82
-39.14	-42.57	-45.73	-30.03	0.07	14.25	0.80
-39.11	-20.81	-52.03	-31.74	0.07	15.75	0.85
-39.09	-47.15	-42.99	-32.61	0.10	11.00	0.74
-38.79	-6.10	-54.02	-32.99	0.07	17.00	0.86
-38.54	-48.80	-39.31	-31.25	0.10	10.75	0.74
-38.50	-7.53	-53.09	-32.74	0.07	16.25	0.85
-38.34	-38.24	-45.23	-30.24	0.10	11.50	0.80
-38.27	-21.54	-50.20	-33.58	0.07	16.00	0.84
-38.22	-4.70	-52.44	-33.47	0.07	16.75	0.86
-38.17	2.48	-51.76	-34.74	0.07	18.00	0.83
-38.16	-42.40	-43.65	-30.19	0.10	11.25	0.76
-38.14	-3.20	-50.63	-30.93	0.07	16.50	0.85
-38.13	3.03	-51.74	-33.12	0.07	17.75	0.84
-37.99	-29.51	-47.04	-31.82	0.10	12.75	0.82
-37.97	-4.25	-53.82	-32.04	0.07	17.25	0.84
-37.92	-31.69	-45.38	-29.82	0.10	12.00	0.81
-37.64	-28.01	-47.79	-29.90	0.10	12.50	0.82
-37.62	5.90	-51.39	-32.99	0.07	18.25	0.83
-37.61	-22.96	-48.35	-30.88	0.10	13.25	0.84
-37.60	-34.04	-44.02	-30.82	0.10	11.75	0.80
-37.52	-2.93	-53.87	-32.16	0.07	17.50	0.83
-37.52	9.85	-53.31	-32.99	0.07	18.50	0.84
-37.45	-28.86	-44.60	-29.88	0.10	12.25	0.81
-37.39	3.70	-50.56	-33.65	0.07	19.50	0.81
-37.29	-20.51	-47.36	-29.99	0.10	13.50	0.84
-37.28	-21.81	-49.49	-30.07	0.10	14.00	0.85
-37.19	2.80	-48.28	-34.13	0.07	19.75	0.80
-37.15	7.85	-50.52	-33.69	0.07	18.75	0.83
-37.10	5.05	-51.74	-33.40	0.07	19.25	0.81
-37.10	2.65	-48.73	-36.32	0.07	20.50	0.75
-37.09	2.90	-46.60	-38.09	0.07	21.00	0.74
-37.04	-20.31	-46.20	-29.90	0.10	13.75	0.85
-37.03	6.68	-50.50	-32.94	0.07	19.00	0.83
-36.98	-11.76	-50.05	-31.90	0.10	14.50	0.86
-36.96	-26.56	-47.62	-29.90	0.10	13.00	0.82
-36.87	-38.32	-37.32	-32.82	0.13	9.75	0.74
-36.80	-11.98	-47.24	-30.79	0.10	15.00	0.86
-36.77	-34.49	-40.28	-29.85	0.13	10.25	0.77
-36.75	-11.91	-48.75	-30.16	0.10	14.75	0.87
-36.71	-15.63	-46.69	-29.99	0.10	14.25	0.85
-36.71	5.10	-51.60	-33.30	0.07	20.00	0.81
-36.66	2.80	-49.51	-34.54	0.07	20.25	0.78
-36.66	-31.79	-40.53	-28.43	0.13	10.50	0.79
-36.64	8.10	-49.64	-30.78	0.10	15.75	0.88
-36.62	-37.02	-37.74	-29.87	0.13	10.00	0.76
-36.39	0.90	-48.82	-31.51	0.10	15.25	0.87
-36.35	3.63	-49.92	-31.74	0.10	16.00	0.87
-36.20	-27.14	-39.50	-29.99	0.13	10.75	0.78
-36.12	-26.04	-44.25	-29.02	0.13	11.00	0.81
-36.08	-0.33	-50.43	-30.07	0.10	15.50	0.87
-36.01	-22.71	-46.56	-30.16	0.13	11.25	0.83
-35.72	5.90	-50.37	-31.94	0.10	16.25	0.82
-35.69	-17.88	-46.46	-28.40	0.13	11.50	0.84
-35.50	-26.59	-36.94	-31.96	0.16	9.00	0.77
-35.50	-33.02	-37.68	-30.99	0.16	8.75	0.76
-35.49	-12.41	-46.11	-29.90	0.13	11.75	0.85
-35.44	-27.24	-39.95	-30.07	0.16	9.50	0.78
-35.33	-33.77	-37.32	-31.39	0.16	8.50	0.75
-35.29	10.11	-49.10	-32.32	0.10	16.50	0.83
-35.25	10.93	-48.38	-32.65	0.10	16.75	0.82
-35.23	-29.94	-37.35	-30.71	0.16	9.25	0.77
-35.23	-9.68	-49.17	-27.32	0.13	12.25	0.86
-35.16	-8.60	-48.32	-27.87	0.13	12.00	0.86
-34.98	-22.04	-41.78	-28.73	0.16	9.75	0.80
-34.89	-22.11	-42.82	-27.99	0.16	10.00	0.81
-34.88	-7.00	-47.53	-27.07	0.13	12.50	0.87
-34.79	-4.48	-47.12	-27.15	0.13	12.75	0.86
-34.55	12.96	-47.85	-31.52	0.10	17.00	0.82
-34.52	6.88	-47.95	-32.03	0.10	17.25	0.77
-34.51	-32.52	-38.31	-29.90	0.19	7.75	0.77
-34.40	-1.53	-48.36	-27.96	0.13	13.50	0.87
-34.33	-1.60	-48.54	-29.28	0.13	13.25	0.87
-34.32	-34.04	-36.08	-33.37	0.19	7.50	0.75
-34.30	-3.75	-47.28	-28.13	0.13	13.00	0.86
-34.28	7.70	-48.91	-31.11	0.10	17.50	0.77
-34.28	3.43	-51.47	-29.02	0.13	14.25	0.88
-34.13	4.73	-47.28	-32.74	0.10	18.25	0.74
-34.13	2.75	-49.84	-29.11	0.13	14.00	0.87
-34.07	8.03	-46.54	-32.74	0.10	17.75	0.76
-34.07	0.85	-50.60	-29.82	0.13	13.75	0.88
-34.07	-23.71	-39.52	-28.00	0.19	8.25	0.79
-33.99	10.31	-48.73	-31.82	0.10	18.00	0.76
-33.96	-26.49	-39.65	-27.24	0.19	8.00	0.79
-33.86	10.53	-47.79	-33.61	0.10	18.75	0.75
-33.82	-21.76	-42.96	-27.07	0.16	10.25	0.82
-33.74	10.73	-51.69	-28.14	0.13	15.25	0.88
-33.73	-13.68	-45.43	-27.32	0.16	10.75	0.85
-33.71	5.08	-45.98	-33.39	0.10	18.50	0.75
-33.65	-15.88	-44.84	-27.87	0.16	10.50	0.84
-33.43	10.83	-48.96	-27.24	0.13	15.00	0.87
-33.43	13.66	-49.11	-27.61	0.13	14.50	0.89
-33.42	-9.93	-44.86	-26.91	0.16	11.00	0.85
-33.30	10.08	-50.87	-28.41	0.13	15.50	0.86
-33.28	-7.58	-47.04	-26.08	0.16	11.25	0.86
-33.23	12.73	-47.29	-27.15	0.13	14.75	0.88
-33.21	3.38	-48.97	-27.07	0.16	11.50	0.88
-33.06	10.31	-50.16	-27.07	0.16	11.75	0.89
-33.04	-32.17	-36.11	-31.00	0.22	6.75	0.74
-33.01	12.63	-46.25	-30.04	0.13	16.00	0.84
-32.84	14.86	-47.36	-28.94	0.13	15.75	0.85
-32.81	-17.26	-41.14	-26.44	0.19	9.00	0.81
-32.70	-22.19	-38.36	-27.60	0.19	8.50	0.80
-32.61	12.03	-48.62	-27.68	0.16	12.25	0.89
-32.59	12.41	-48.74	-27.24	0.16	12.00	0.88
-32.51	13.18	-48.66	-30.05	0.13	16.25	0.77
-32.37	-15.11	-42.15	-25.33	0.19	9.50	0.82
-32.36	13.33	-48.71	-27.54	0.16	12.50	0.89
-32.34	-27.89	-37.18	-28.68	0.22	7.00	0.76
-32.29	-20.36	-39.54	-26.01	0.19	8.75	0.80
-32.28	-12.78	-39.86	-25.50	0.19	9.25	0.82
-32.25	11.01	-47.39	-27.03	0.16	12.75	0.89
-32.17	17.81	-45.25	-29.94	0.13	16.50	0.77
-31.91	-25.86	-37.32	-27.07	0.22	7.25	0.78
-31.82	9.03	-44.94	-29.80	0.13	17.00	0.76
-31.81	18.26	-47.31	-26.07	0.16	13.50	0.89
-31.80	-11.61	-42.85	-24.23	0.19	9.75	0.84
-31.72	-23.39	-39.62	-28.12	0.22	7.50	0.79
-31.69	15.93	-49.62	-26.42	0.16	13.00	0.89
-31.67	13.33	-43.99	-31.48	0.13	16.75	0.76
-31.61	-5.68	-44.32	-24.29	0.19	10.00	0.85
-31.53	-2.23	-44.39	-23.90	0.19	10.25	0.86
-31.51	-28.19	-30.67	-32.82	0.25	6.00	0.74
-31.37	-15.13	-41.03	-26.69	0.22	7.75	0.81
-31.35	21.41	-47.05	-27.04	0.16	13.25	0.89
-31.30	-26.74	-32.51	-31.53	0.25	6.25	0.75
-31.25	3.15	-44.93	-24.27	0.19	10.50	0.87
-31.07	17.63	-46.17	-27.06	0.16	14.00	0.88
-30.95	23.04	-48.12	-27.22	0.16	13.75	0.88
-30.76	18.03	-47.12	-27.07	0.16	14.75	0.88
-30.76	19.81	-46.45	-26.37	0.16	15.00	0.86
-30.75	8.35	-46.20	-23.57	0.19	11.00	0.87
-30.74	20.36	-46.08	-27.07	0.16	14.25	0.88
-30.69	-11.08	-40.67	-26.10	0.22	8.25	0.83
-30.58	-24.99	-32.32	-28.31	0.25	6.50	0.77
-30.55	6.60	-45.06	-24.26	0.19	10.75	0.87
-30.50	18.81	-46.14	-26.71	0.16	14.50	0.88
-30.49	-12.81	-40.50	-26.96	0.22	8.00	0.82
-30.30	23.64	-48.46	-24.40	0.19	11.75	0.89
-30.29	15.91	-46.14	-26.43	0.16	15.25	0.86
-30.24	11.58	-46.66	-25.07	0.16	15.50	0.83
-30.22	11.68	-45.72	-23.57	0.19	11.25	0.88
-30.13	-7.30	-39.53	-22.96	0.22	8.50	0.84
-30.12	-2.85	-42.79	-22.30	0.22	9.00	0.85
-30.07	-20.19	-36.14	-27.01	0.25	6.75	0.79
-29.92	-6.95	-42.11	-24.57	0.22	8.75	0.85
-29.84	-17.28	-35.07	-24.40	0.25	7.00	0.79
-29.79	-27.16	-31.75	-28.33	0.28	5.75	0.76
-29.72	16.66	-42.76	-27.07	0.16	15.75	0.81
-29.67	15.16	-39.56	-27.43	0.16	16.00	0.79
-29.64	27.21	-47.34	-24.23	0.19	12.25	0.90
-29.60	25.54	-47.01	-24.11	0.19	12.00	0.90
-29.53	21.11	-46.07	-23.80	0.19	11.50	0.88
-29.51	-2.20	-42.29	-23.29	0.22	9.25	0.86
-29.35	27.51	-46.30	-23.93	0.19	12.50	0.90
-29.30	-19.78	-34.09	-25.98	0.28	6.00	0.79
-29.27	-1.30	-41.90	-22.35	0.22	9.50	0.86
-29.24	25.09	-46.21	-23.86	0.19	12.75	0.89
-29.22	-12.28	-37.22	-24.40	0.25	7.25	0.82
-29.21	-10.56	-36.11	-22.40	0.25	7.50	0.82
-28.85	4.85	-42.72	-21.74	0.22	10.00	0.87
-28.83	24.54	-44.02	-24.10	0.19	13.00	0.88
-28.79	25.91	-45.19	-24.45	0.19	13.50	0.88
-28.77	-17.38	-34.11	-24.30	0.28	6.25	0.80
-28.70	3.05	-43.18	-21.66	0.22	9.75	0.87
-28.68	-3.50	-37.71	-21.90	0.25	7.75	0.84
-28.50	-5.40	-40.91	-22.34	0.25	8.00	0.85
-28.49	26.99	-44.97	-24.10	0.19	13.25	0.89
-28.48	15.21	-42.80	-23.32	0.22	10.25	0.88
-28.45	22.21	-44.35	-23.39	0.19	13.75	0.87
-28.44	22.86	-41.87	-24.23	0.19	14.00	0.87
-28.39	1.83	-40.02	-23.24	0.25	8.25	0.86
-28.37	-12.18	-37.28	-23.15	0.28	6.75	0.82
-28.37	22.51	-43.42	-24.15	0.22	10.50	0.88
-28.21	23.11	-42.85	-24.57	0.22	10.75	0.88
-28.19	-12.86	-33.80	-23.80	0.28	6.50	0.82
-28.03	12.38	-40.54	-24.32	0.19	15.25	0.81
-27.98	29.14	-43.91	-23.12	0.22	11.00	0.88
-27.90	25.54	-44.74	-23.34	0.22	11.25	0.88
-27.88	18.03	-43.92	-24.62	0.19	14.50	0.85
-27.83	22.81	-42.28	-22.99	0.19	14.25	0.86
-27.81	-7.88	-39.55	-22.51	0.28	7.00	0.84
-27.80	-23.24	-27.25	-27.24	0.31	5.25	0.74
-27.63	10.96	-39.64	-22.31	0.25	8.50	0.86
-27.51	-19.51	-30.83	-25.03	0.31	5.50	0.77
-27.40	11.51	-38.31	-27.15	0.19	15.50	0.77
-27.38	10.63	-40.95	-21.57	0.25	8.75	0.86
-27.35	13.01	-43.11	-21.57	0.25	9.00	0.88
-27.32	17.41	-42.68	-21.83	0.25	9.50	0.88
-27.22	18.03	-39.56	-24.39	0.19	14.75	0.84
-27.21	6.33	-41.34	-20.43	0.28	7.50	0.87
-27.20	16.83	-43.26	-21.12	0.25	9.25	0.88
-27.20	29.51	-43.15	-22.29	0.22	12.00	0.88
-27.12	25.31	-44.19	-21.49	0.22	11.50	0.88
-27.09	16.21	-42.51	-24.31	0.19	15.00	0.82
-27.06	26.59	-43.99	-21.40	0.22	11.75	0.88
-27.04	-14.61	-28.42	-25.94	0.31	5.75	0.78
-27.03	-2.78	-39.90	-21.40	0.28	7.25	0.85
-26.90	-22.36	-30.36	-26.18	0.34	4.75	0.76
-26.88	-3.65	-37.08	-23.50	0.31	6.00	0.82
-26.82	7.50	-33.95	-27.07	0.19	15.75	0.74
-26.65	27.74	-43.89	-21.53	0.22	12.25	0.88
-26.63	-3.13	-38.39	-22.21	0.31	6.25	0.83
-26.61	-21.01	-28.43	-25.67	0.34	5.00	0.77
-26.54	27.96	-45.00	-20.32	0.22	12.50	0.88
-26.47	25.54	-41.71	-22.47	0.22	12.75	0.87
-26.47	9.23	-40.67	-20.12	0.28	7.75	0.87
-26.24	21.51	-42.64	-18.91	0.25	9.75	0.89
-26.01	27.84	-42.06	-20.15	0.25	10.00	0.88
-25.94	11.78	-43.90	-18.57	0.28	8.00	0.88
-25.86	20.39	-44.53	-18.18	0.28	8.25	0.89
-25.85	27.01	-39.53	-21.13	0.22	13.00	0.86
-25.79	4.45	-37.96	-20.50	0.31	6.75	0.85
-25.72	-19.13	-29.96	-23.20	0.34	5.25	0.77
-25.69	0.78	-35.20	-20.59	0.31	6.50	0.84
-25.58	23.11	-39.50	-19.68	0.22	13.50	0.86
-25.55	32.17	-42.06	-20.81	0.25	10.25	0.88
-25.50	-16.13	-31.33	-24.15	0.40	4.00	0.74
-25.47	29.76	-41.71	-21.36	0.25	10.75	0.87
-25.46	27.71	-40.09	-20.86	0.25	10.50	0.87
-25.46	18.48	-37.32	-21.40	0.22	13.75	0.84
-25.44	-12.08	-32.66	-24.89	0.37	4.75	0.79
-25.43	-17.73	-29.10	-24.71	0.37	4.50	0.75
-25.41	-8.53	-31.18	-21.55	0.34	5.50	0.79
-25.37	27.96	-40.29	-20.52	0.25	11.00	0.87
-25.34	23.56	-39.85	-20.07	0.22	13.25	0.86
-25.30	10.31	-33.96	-22.26	0.22	14.25	0.82
-25.23	21.76	-41.05	-18.71	0.28	8.50	0.89
-25.21	-3.03	-32.48	-21.46	0.34	5.75	0.81
-25.00	23.51	-42.53	-18.58	0.28	9.00	0.88
-24.99	20.36	-37.07	-21.32	0.22	14.00	0.84
-24.96	27.34	-41.98	-20.99	0.25	11.25	0.87
-24.91	21.34	-40.96	-17.48	0.28	8.75	0.88
-24.89	10.11	-38.27	-20.29	0.31	7.00	0.85
-24.87	6.63	-39.43	-18.48	0.34	6.00	0.84
-24.81	13.33	-39.53	-17.55	0.31	7.25	0.86
-24.73	-10.61	-32.64	-21.57	0.37	5.00	0.79
-24.65	14.58	-40.37	-18.94	0.31	7.50	0.87
-24.63	21.44	-41.64	-18.74	0.28	9.50	0.88
-24.55	14.66	-32.82	-19.83	0.22	14.50	0.82
-24.54	6.88	-37.81	-17.96	0.34	6.25	0.85
-24.53	27.79	-41.81	-19.48	0.28	9.25	0.88
-24.52	3.03	-33.30	-24.36	0.22	15.25	0.76
-24.51	-17.93	-31.52	-21.86	0.43	3.50	0.74
-24.47	3.03	-32.93	-24.23	0.22	15.00	0.77
-24.43	12.78	-32.29	-20.88	0.22	14.75	0.81
-24.39	26.01	-40.46	-20.08	0.25	11.50	0.87
-24.38	-5.73	-31.86	-21.66	0.37	5.25	0.80
-24.24	-15.91	-32.82	-23.26	0.40	4.25	0.76
-24.14	25.34	-40.75	-18.65	0.31	7.75	0.88
-24.04	10.51	-38.27	-18.05	0.34	6.50	0.86
-24.03	29.71	-42.45	-17.02	0.28	9.75	0.89
-23.81	-11.58	-32.60	-21.37	0.43	3.75	0.75
-23.79	27.51	-40.82	-17.48	0.28	10.00	0.88
-23.76	-5.18	-32.82	-18.66	0.37	5.50	0.82
-23.66	20.91	-41.36	-18.65	0.25	11.75	0.87
-23.61	-8.48	-35.07	-21.33	0.43	4.00	0.79
-23.49	24.51	-38.71	-20.61	0.25	12.25	0.86
-23.48	12.31	-38.68	-18.05	0.34	6.75	0.86
-23.48	3.63	-34.13	-18.74	0.37	5.75	0.83
-23.34	-13.11	-34.99	-20.05	0.40	4.50	0.77
-23.31	25.46	-37.63	-18.67	0.31	8.00	0.87
-23.27	-5.08	-33.38	-19.76	0.40	4.75	0.81
-23.23	33.04	-40.57	-18.54	0.28	10.25	0.87
-23.22	30.67	-38.79	-18.74	0.31	8.25	0.88
-23.18	24.99	-39.02	-20.20	0.25	12.75	0.85
-23.14	23.34	-39.27	-20.37	0.25	12.50	0.85
-23.11	22.29	-38.29	-19.33	0.25	12.00	0.86
-22.89	27.59	-38.46	-18.65	0.28	11.00	0.86
-22.85	33.27	-37.57	-16.87	0.31	8.75	0.88
-22.78	10.13	-38.40	-16.35	0.37	6.00	0.86
-22.77	25.69	-39.50	-17.59	0.28	10.75	0.86
-22.75	16.21	-39.53	-15.54	0.34	7.00	0.86
-22.71	34.27	-39.58	-17.99	0.31	8.50	0.88
-22.69	14.78	-35.10	-18.57	0.25	13.00	0.84
-22.67	19.16	-35.22	-19.44	0.25	13.25	0.83
-22.57	-6.70	-34.66	-17.15	0.43	4.25	0.80
-22.54	27.04	-39.29	-18.45	0.28	10.50	0.86
-22.52	-6.73	-32.83	-17.96	0.40	5.00	0.81
-22.47	17.81	-32.20	-20.48	0.25	13.50	0.82
-22.44	6.78	-35.02	-17.48	0.40	5.50	0.85
-22.40	-7.93	-32.85	-21.20	0.46	3.75	0.77
-22.40	20.96	-36.21	-19.71	0.28	11.25	0.84
-22.37	2.38	-34.25	-16.49	0.40	5.25	0.83
-22.37	28.44	-40.57	-16.07	0.34	7.50	0.88
-22.23	34.09	-39.78	-17.52	0.31	9.50	0.88
-22.17	-9.98	-30.98	-20.51	0.46	3.50	0.76
-22.13	35.22	-37.51	-16.96	0.31	9.00	0.88
-22.10	10.31	-27.81	-21.42	0.25	14.00	0.79
-22.09	30.34	-38.32	-17.39	0.31	9.25	0.88
-22.01	28.56	-41.56	-15.84	0.34	7.75	0.88
-21.95	9.55	-26.26	-24.11	0.25	14.50	0.77
-21.83	16.18	-36.31	-15.99	0.37	6.25	0.86
-21.83	22.71	-39.46	-16.75	0.34	7.25	0.87
-21.80	10.91	-30.62	-20.38	0.25	13.75	0.80
-21.77	8.03	-23.38	-24.23	0.25	14.75	0.76
-21.73	18.11	-37.03	-18.34	0.28	11.50	0.85
-21.72	30.37	-38.51	-15.82	0.31	9.75	0.88
-21.52	7.23	-27.97	-21.46	0.25	14.25	0.78
-21.52	-1.63	-31.88	-16.78	0.43	4.50	0.80
-21.42	21.86	-37.03	-15.56	0.37	6.50	0.87
-21.19	32.62	-39.46	-15.76	0.34	8.25	0.87
-21.17	25.09	-38.16	-14.07	0.37	6.75	0.87
-21.17	11.81	-36.14	-15.99	0.40	5.75	0.86
-21.07	28.69	-38.36	-15.82	0.34	8.00	0.87
-21.00	5.88	-34.28	-15.99	0.43	4.75	0.83
-20.99	26.66	-38.12	-15.90	0.31	10.00	0.86
-20.90	-0.88	-31.39	-16.86	0.46	4.00	0.80
-20.72	25.54	-37.25	-17.70	0.31	10.25	0.86
-20.70	17.36	-32.04	-19.54	0.28	11.75	0.83
-20.61	11.43	-33.35	-17.59	0.43	5.00	0.83
-20.60	13.41	-33.46	-18.63	0.28	12.00	0.83
-20.46	10.31	-30.83	-18.91	0.28	12.75	0.81
-20.36	10.93	-32.26	-18.47	0.43	5.25	0.84
-20.14	20.69	-35.17	-13.70	0.37	7.00	0.86
-20.08	-1.40	-32.97	-16.61	0.46	4.25	0.81
-20.07	16.51	-35.04	-16.07	0.43	5.50	0.85
-20.05	17.81	-34.03	-18.74	0.28	12.25	0.83
-20.02	14.98	-32.02	-18.34	0.28	12.50	0.82
-19.97	26.16	-35.08	-15.81	0.31	10.50	0.85
-19.95	36.02	-38.20	-14.31	0.34	8.50	0.87
-19.95	28.66	-35.74	-14.80	0.40	6.00	0.86
-19.95	30.54	-36.74	-15.36	0.37	7.25	0.87
-19.83	10.08	-30.45	-18.82	0.28	13.00	0.79
-19.77	37.49	-36.69	-13.93	0.34	8.75	0.87
-19.76	24.49	-35.83	-14.08	0.40	6.25	0.87
-19.74	30.69	-34.80	-12.98	0.34	9.25	0.87
-19.74	-3.85	-32.18	-15.56	0.49	3.50	0.79
-19.64	10.48	-26.68	-20.63	0.28	13.25	0.79
-19.61	9.85	-23.54	-21.42	0.28	13.50	0.77
-19.48	27.66	-35.07	-15.04	0.31	10.75	0.85
-19.42	31.52	-37.41	-15.73	0.34	9.00	0.87
-19.40	32.57	-36.27	-14.69	0.37	7.50	0.87
-19.38	25.34	-33.44	-15.82	0.31	11.00	0.84
-19.36	27.09	-36.76	-13.30	0.34	9.50	0.86
-19.15	38.34	-35.00	-15.94	0.37	7.75	0.87
-19.14	-0.58	-32.79	-16.73	0.49	3.75	0.79
-18.86	26.29	-34.11	-14.84	0.40	6.50	0.86
-18.82	10.08	-19.64	-21.83	0.28	13.75	0.75
-18.75	16.86	-33.90	-11.65	0.43	5.75	0.85
-18.64	0.60	-32.20	-14.30	0.49	4.00	0.81
-18.56	6.33	-28.39	-16.20	0.46	4.50	0.81
-18.53	26.21	-35.07	-12.54	0.40	6.75	0.87
-18.49	30.24	-31.98	-12.90	0.34	9.75	0.85
-18.46	24.64	-29.15	-18.69	0.31	11.25	0.82
-18.45	24.39	-35.45	-12.35	0.43	6.00	0.87
-18.43	9.75	-32.05	-13.34	0.46	4.75	0.83
-18.34	35.49	-33.24	-13.89	0.37	8.25	0.87
-18.32	17.13	-30.84	-15.51	0.31	11.50	0.81
-18.31	34.24	-35.23	-14.24	0.37	8.00	0.87
-17.99	28.36	-33.02	-13.65	0.40	7.00	0.85
-17.82	18.26	-29.50	-13.94	0.34	10.00	0.84
-17.70	8.93	-32.01	-13.37	0.46	5.00	0.84
-17.67	36.12	-33.91	-13.07	0.37	8.50	0.86
-17.63	26.09	-28.17	-13.66	0.34	10.25	0.85
-17.54	-16.13	-24.73	-14.49	0.61	1.75	0.75
-17.48	15.31	-26.21	-17.89	0.31	12.25	0.79
-17.44	18.03	-29.38	-13.57	0.34	10.50	0.83
-17.40	30.39	-34.47	-13.93	0.40	7.25	0.85
-17.39	24.71	-31.80	-12.47	0.37	9.00	0.85
-17.33	-8.60	-28.97	-12.43	0.55	2.50	0.75
-17.26	14.28	-25.11	-17.29	0.31	12.00	0.79
-17.23	17.66	-27.29	-17.06	0.31	11.75	0.80
-17.19	26.14	-32.74	-11.21	0.43	6.25	0.86
-17.17	29.89	-31.61	-12.98	0.37	8.75	0.86
-17.15	10.76	-23.97	-16.58	0.31	12.50	0.79
-17.14	14.56	-30.61	-12.76	0.46	5.25	0.83
-17.08	18.03	-25.14	-14.71	0.34	10.75	0.82
-17.06	11.01	-29.47	-14.50	0.49	4.25	0.81
-17.04	17.81	-27.89	-13.70	0.34	11.00	0.82
-16.90	2.70	-31.75	-11.57	0.52	3.50	0.80
-16.90	8.58	-28.37	-12.25	0.49	4.50	0.81
-16.78	36.34	-32.56	-13.42	0.40	7.50	0.85
-16.76	17.68	-31.72	-11.64	0.46	5.50	0.85
-16.69	21.46	-29.50	-12.24	0.37	9.25	0.84
-16.66	7.88	-19.64	-19.25	0.31	13.00	0.76
-16.66	2.28	-28.37	-12.90	0.52	3.75	0.80
-16.61	9.73	-20.65	-17.55	0.31	12.75	0.77
-16.56	23.34	-29.08	-11.93	0.37	9.50	0.84
-16.46	-1.43	-30.67	-12.33	0.55	2.75	0.76
-16.38	31.09	-33.08	-11.31	0.43	6.50	0.86
-16.17	33.62	-32.82	-11.15	0.40	8.00	0.85
-16.14	12.33	-29.31	-10.26	0.49	4.75	0.84
-16.12	9.83	-17.36	-18.65	0.31	13.25	0.76
-16.11	33.24	-33.19	-10.63	0.40	7.75	0.85
-16.01	10.31	-21.48	-15.73	0.34	11.25	0.79
-16.01	3.58	-29.53	-10.62	0.55	3.00	0.75
-15.98	12.56	-28.36	-11.08	0.49	5.00	0.83
-15.86	28.41	-30.64	-10.32	0.43	6.75	0.86
-15.76	17.81	-30.23	-9.67	0.49	5.25	0.84
-15.76	16.86	-26.38	-11.28	0.37	9.75	0.83
-15.75	20.59	-33.45	-11.52	0.46	5.75	0.85
-15.56	4.68	-31.21	-10.70	0.55	3.25	0.76
-15.49	16.28	-29.89	-10.16	0.55	4.00	0.84
-15.44	10.76	-15.83	-17.08	0.34	11.50	0.77
-15.44	12.33	-26.18	-11.29	0.52	4.00	0.82
-15.39	32.82	-32.12	-10.70	0.40	8.25	0.85
-15.36	8.33	-19.53	-18.79	0.34	11.75	0.76
-15.31	21.14	-30.90	-11.27	0.43	7.00	0.85
-15.21	-17.13	-25.17	-8.54	0.64	1.50	0.76
-15.11	25.61	-29.01	-10.70	0.46	6.00	0.85
-15.10	-3.55	-31.14	-7.36	0.58	2.50	0.76
-15.09	-18.63	-17.33	-14.29	0.85	-2.00	0.74
-15.08	6.28	-29.53	-9.75	0.55	3.50	0.81
-15.05	20.01	-28.04	-10.72	0.49	5.50	0.84
-15.03	12.33	-28.39	-10.85	0.52	4.25	0.83
-15.00	-12.33	-26.17	-10.32	0.64	1.75	0.77
-14.99	30.24	-26.62	-8.73	0.46	6.25	0.85
-14.97	20.94	-27.32	-10.74	0.43	7.25	0.84
-14.95	-9.48	-25.88	-10.80	0.61	2.00	0.74
-14.93	21.01	-29.53	-9.68	0.49	5.75	0.84
-14.93	23.64	-30.29	-10.15	0.40	8.75	0.84
-14.86	3.15	-29.16	-7.35	0.58	2.75	0.77
-14.85	30.67	-27.95	-11.51	0.40	8.50	0.84
-14.82	15.68	-22.89	-12.90	0.37	10.00	0.81
-14.71	9.88	-16.82	-19.26	0.34	12.25	0.75
-14.69	7.03	-16.29	-18.65	0.34	12.00	0.75
-14.64	10.31	-20.71	-13.62	0.37	10.50	0.79
-14.62	17.36	-22.68	-12.94	0.37	10.25	0.80
-14.61	6.35	-28.56	-11.54	0.55	3.75	0.80
-14.44	20.91	-29.20	-9.91	0.40	9.00	0.83
-14.44	22.74	-28.46	-10.49	0.43	7.50	0.84
-14.43	19.21	-29.63	-6.72	0.55	4.25	0.84
-14.42	8.00	-13.73	-19.95	0.34	12.50	0.75
-14.33	6.18	-28.83	-7.20	0.58	3.00	0.76
-14.30	30.84	-29.32	-9.19	0.46	6.50	0.86
-14.24	10.76	-19.12	-13.55	0.37	10.75	0.79
-14.15	18.73	-27.38	-7.58	0.52	4.50	0.83
-14.12	22.49	-26.34	-9.14	0.43	7.75	0.84
-14.04	5.53	-30.61	-7.15	0.61	2.50	0.79
-14.03	-18.08	-18.50	-13.25	0.85	-1.75	0.75
-14.00	5.90	-18.81	-13.98	0.37	11.00	0.77
-13.87	19.98	-30.18	-7.25	0.52	4.75	0.85
-13.85	32.54	-28.39	-10.19	0.46	6.75	0.85
-13.81	18.03	-25.64	-11.15	0.40	9.50	0.81
-13.79	20.21	-27.29	-6.60	0.52	5.00	0.85
-13.72	25.11	-21.79	-10.19	0.43	8.00	0.82
-13.66	-7.40	-23.41	-7.24	0.61	2.25	0.75
-13.65	17.93	-21.82	-10.19	0.40	9.25	0.82
-13.63	29.46	-28.07	-9.90	0.49	6.00	0.84
-13.61	7.23	-26.15	-6.59	0.58	3.25	0.76
-13.59	12.01	-25.54	-6.59	0.58	3.50	0.81
-13.31	25.31	-20.66	-10.22	0.43	8.25	0.82
-13.29	11.33	-26.25	-7.20	0.58	3.75	0.81
-13.20	10.31	-12.60	-14.43	0.37	11.25	0.76
-12.98	21.24	-28.37	-7.23	0.49	6.25	0.84
-12.97	-10.38	-18.47	-7.79	0.67	1.50	0.76
-12.94	-12.71	-17.29	-11.33	0.85	-1.50	0.75
-12.92	8.55	-28.53	-4.57	0.61	2.75	0.79
-12.92	14.61	-20.29	-9.55	0.40	9.75	0.80
-12.81	-7.40	-24.90	-6.16	0.64	2.00	0.75
-12.79	21.06	-26.21	-9.06	0.46	7.00	0.83
-12.78	16.56	-30.00	-7.06	0.61	3.25	0.78
-12.77	17.86	-24.82	-7.37	0.52	5.25	0.83
-12.77	14.08	-28.86	-6.91	0.61	3.00	0.78
-12.66	-14.08	-17.63	-12.20	0.88	-2.00	0.75
-12.65	-10.13	-20.15	-9.89	0.73	0.75	0.74
-12.60	5.53	-11.66	-15.63	0.37	11.50	0.74
-12.58	-7.13	-18.72	-6.67	0.67	1.75	0.78
-12.58	17.36	-23.97	-7.91	0.43	8.50	0.82
-12.56	15.36	-26.25	-8.84	0.55	4.50	0.82
-12.55	0.98	-26.21	-6.29	0.64	2.25	0.77
-12.46	20.39	-25.48	-7.48	0.49	6.50	0.83
-12.43	-3.20	-20.66	-7.99	0.70	1.50	0.78
-12.41	9.08	-22.18	-13.48	0.40	10.00	0.78
-12.39	16.33	-28.06	-5.18	0.61	3.50	0.82
-12.21	-11.56	-16.22	-10.37	0.85	-1.25	0.74
-12.17	5.65	-19.30	-11.44	0.40	10.25	0.77
-12.02	-4.88	-20.31	-8.01	0.70	1.25	0.74
-11.97	17.68	-19.50	-8.98	0.43	8.75	0.81
-11.96	17.51	-22.77	-8.56	0.49	6.75	0.82
-11.93	7.35	-22.15	-9.94	0.43	9.25	0.79
-11.88	19.18	-25.16	-5.48	0.58	4.25	0.83
-11.82	20.24	-24.97	-8.56	0.46	7.25	0.82
-11.81	7.43	-27.29	-5.65	0.64	2.50	0.78
-11.80	20.46	-24.65	-5.25	0.58	4.00	0.82
-11.69	11.13	-22.92	-7.48	0.43	9.00	0.81
-11.67	18.26	-21.75	-6.93	0.52	5.50	0.82
-11.63	20.24	-24.87	-7.48	0.46	7.50	0.82
-11.60	9.85	-19.23	-12.99	0.40	10.50	0.76
-11.58	1.53	-19.25	-6.01	0.67	2.00	0.77
-11.51	-13.26	-20.06	-9.82	0.88	-1.75	0.75
-11.47	18.53	-24.44	-5.58	0.61	3.75	0.81
-11.32	4.55	-10.75	-15.00	0.40	11.00	0.74
-11.29	24.04	-24.13	-5.02	0.55	4.75	0.83
-11.25	20.91	-23.97	-6.81	0.52	5.75	0.83
-11.24	-3.88	-21.00	-5.24	0.70	1.75	0.78
-11.16	6.53	-19.93	-10.31	0.43	9.50	0.79
-11.12	20.64	-23.93	-7.33	0.46	7.75	0.82
-11.07	6.78	-15.18	-14.47	0.40	10.75	0.76
-11.00	14.36	-23.02	-5.62	0.64	2.75	0.78
-10.98	7.28	-19.97	-5.40	0.67	2.25	0.78
-10.88	17.36	-21.71	-6.00	0.46	8.00	0.81
-10.85	18.38	-24.38	-6.18	0.55	5.00	0.83
-10.84	16.43	-22.84	-7.73	0.49	7.00	0.81
-10.66	15.53	-24.33	-6.87	0.64	3.00	0.78
-10.52	-12.23	-17.33	-7.41	0.88	-1.25	0.76
-10.49	18.98	-21.25	-4.48	0.58	4.50	0.82
-10.42	-11.51	-16.25	-8.47	0.88	-1.50	0.75
-10.27	-7.40	-14.16	-12.26	0.85	-1.00	0.74
-10.27	14.13	-22.15	-5.20	0.52	6.25	0.82
-10.26	-0.58	-16.97	-7.31	0.73	1.25	0.75
-10.21	17.81	-19.57	-5.24	0.49	7.25	0.82
-10.21	2.58	-15.28	-13.45	0.43	10.25	0.74
-10.20	-2.63	-11.83	-9.35	0.73	1.00	0.75
-10.19	-7.90	-14.16	-10.99	0.82	-0.25	0.74
-10.16	19.38	-20.63	-9.16	0.61	4.00	0.81
-10.14	18.86	-21.75	-6.11	0.52	6.00	0.83
-10.13	17.16	-23.27	-6.63	0.64	3.25	0.78
-10.13	-1.18	-14.44	-8.46	0.76	0.75	0.75
-10.05	15.53	-17.94	-6.29	0.49	7.50	0.80
-9.98	13.56	-14.34	-5.48	0.46	8.75	0.79
-9.96	4.80	-17.60	-8.23	0.43	9.75	0.76
-9.91	17.58	-22.53	-5.45	0.55	5.25	0.83
-9.90	18.93	-20.68	-7.11	0.64	3.50	0.81
-9.87	18.23	-22.89	-4.12	0.58	4.75	0.83
-9.87	3.88	-18.43	-6.03	0.70	2.00	0.77
-9.86	16.53	-18.47	-6.07	0.55	5.50	0.82
-9.85	3.50	-16.26	-7.18	0.73	1.50	0.77
-9.82	14.03	-17.36	-5.85	0.46	8.25	0.81
-9.82	18.13	-20.54	-5.97	0.52	6.50	0.82
-9.80	6.98	-14.11	-12.56	0.43	10.00	0.75
-9.78	3.88	-16.22	-4.15	0.73	1.75	0.78
-9.73	-10.98	-19.54	-9.33	0.91	-2.00	0.76
-9.63	10.33	-15.98	-7.54	0.46	9.00	0.78
-9.56	14.91	-15.57	-5.99	0.46	8.50	0.79
-9.53	-5.95	-12.70	-8.58	0.79	0.25	0.74
-9.46	15.76	-18.73	-3.09	0.64	3.75	0.80
-9.39	9.35	-15.18	-6.59	0.49	7.75	0.79
-9.32	23.11	-21.89	-6.69	0.61	4.25	0.82
-9.30	14.06	-17.20	-6.13	0.55	5.75	0.81
-9.29	10.31	-23.12	-4.63	0.58	5.00	0.81
-9.29	17.21	-22.83	-4.74	0.67	2.50	0.79
-9.26	-7.38	-15.15	-7.85	0.85	-0.75	0.76
-9.12	8.40	-18.47	-4.49	0.70	2.25	0.78
-9.06	-5.43	-12.22	-8.14	0.79	0.50	0.75
-8.92	13.06	-18.10	-6.93	0.52	6.75	0.81
-8.82	-8.90	-14.01	-9.29	0.85	-0.50	0.75
-8.80	15.61	-17.30	-5.04	0.52	7.00	0.79
-8.76	10.53	-20.99	-4.85	0.58	5.25	0.81
-8.69	3.25	-11.89	-9.11	0.46	9.25	0.76
-8.67	14.53	-20.64	-4.26	0.55	6.00	0.81
-8.61	-6.68	-16.47	-8.30	0.88	-1.00	0.76
-8.59	-6.50	-17.29	-7.52	0.91	-1.75	0.76
-8.56	14.43	-18.05	-4.65	0.67	3.00	0.78
-8.47	10.33	-13.42	-6.10	0.49	8.00	0.78
-8.40	13.41	-16.22	-4.64	0.61	4.50	0.81
-8.34	11.31	-19.57	-4.37	0.67	3.25	0.79
-8.26	3.33	-11.87	-10.62	0.46	9.50	0.76
-8.25	19.13	-18.98	-5.56	0.64	4.00	0.81
-8.21	4.68	-19.21	-3.71	0.58	5.50	0.81
-8.19	10.66	-18.43	-4.44	0.70	2.50	0.79
-8.09	-3.65	-13.40	-7.98	0.79	0.75	0.76
-8.08	12.01	-17.29	-4.27	0.67	2.75	0.78
-8.06	11.98	-17.71	-4.03	0.55	6.25	0.80
-8.00	10.53	-11.24	-4.99	0.49	8.25	0.78
-7.96	-6.55	-17.94	-3.67	0.91	-1.50	0.76
-7.92	12.63	-15.06	-5.80	0.52	7.25	0.78
-7.82	0.98	-12.68	-7.84	0.76	1.25	0.75
-7.82	-3.10	-10.69	-9.19	0.85	-0.25	0.75
-7.80	-6.75	-12.99	-5.89	0.91	-1.25	0.76
-7.79	-5.03	-11.86	-6.87	0.82	0.00	0.75
-7.78	11.76	-17.36	-2.49	0.67	3.50	0.80
-7.77	-1.33	-12.90	-7.53	0.76	1.00	0.75
-7.77	3.65	-15.43	-5.54	0.79	1.00	0.76
-7.70	12.11	-18.47	-4.74	0.67	3.75	0.79
-7.64	-5.73	-11.69	-6.89	0.82	0.25	0.75
-7.56	5.90	-15.22	-4.40	0.55	6.50	0.80
-7.48	17.81	-15.11	-3.15	0.61	4.75	0.81
-7.42	10.53	-15.03	-3.36	0.52	7.50	0.79
-7.37	2.55	-6.88	-9.27	0.46	9.75	0.74
-7.33	8.10	-10.10	-5.85	0.49	8.50	0.77
-7.33	2.80	-11.11	-4.25	0.52	7.75	0.77
-7.32	7.48	-12.93	-4.59	0.73	2.00	0.77
-7.14	3.03	-7.58	-5.58	0.49	8.75	0.75
-7.13	-1.10	-11.47	-6.39	0.82	0.50	0.76
-7.06	-4.20	-15.95	-7.99	0.88	-0.75	0.77
-7.02	0.88	-16.41	-2.69	0.88	-0.50	0.78
-6.97	16.31	-15.46	-6.25	0.64	4.25	0.80
-6.80	10.76	-11.79	-4.12	0.58	5.75	0.80
-6.80	1.05	-15.15	-3.22	0.88	-0.25	0.77
-6.76	2.80	-8.51	-8.35	0.52	8.00	0.76
-6.68	1.43	-12.71	-5.13	0.79	1.25	0.75
-6.60	12.11	-15.15	-3.27	0.67	4.00	0.79
-6.59	10.58	-8.86	-5.23	0.55	6.75	0.79
-6.53	13.98	-10.69	-5.15	0.70	3.00	0.77
-6.49	10.53	-10.83	-3.74	0.61	5.25	0.78
-6.35	15.38	-15.24	-2.87	0.61	5.00	0.79
-6.34	16.88	-12.91	-3.59	0.70	2.75	0.77
-6.32	-3.10	-15.15	-3.70	0.94	-1.75	0.76
-6.29	7.75	-10.72	-3.66	0.76	1.75	0.78
-6.27	-3.33	-14.07	1.12	0.91	-1.00	0.77
-6.27	10.83	-12.93	-4.54	0.73	2.25	0.77
-6.25	-0.88	-16.25	-3.85	0.82	0.75	0.76
-6.21	7.55	-12.93	-5.02	0.79	1.50	0.78
-6.20	7.03	-14.38	-6.02	0.76	1.50	0.77
-6.15	3.48	-13.98	-0.45	0.58	6.00	0.79
-6.12	0.38	-7.15	-4.13	0.52	8.25	0.75
-6.11	11.23	-14.04	-2.97	0.70	3.25	0.77
-6.11	-1.43	-12.90	-5.24	0.85	0.00	0.76
-5.99	3.03	-8.01	-3.01	0.55	7.00	0.77
-5.92	3.35	-15.13	-1.24	0.58	6.25	0.79
-5.91	-3.08	-10.69	-4.86	0.85	0.25	0.75
-5.89	1.50	-12.98	-2.70	0.61	5.50	0.79
-5.85	7.88	-11.45	-2.02	0.67	4.25	0.79
-5.80	6.03	-14.40	-3.62	0.76	2.00	0.77
-5.71	12.56	-10.69	-3.94	0.70	3.50	0.78
-5.61	-6.75	-12.68	-3.82	0.94	-2.00	0.75
-5.57	9.08	-15.51	-2.43	0.64	4.50	0.79
-5.47	10.53	-9.66	-3.16	0.64	4.75	0.78
-5.45	-2.90	-9.61	-4.97	0.85	0.50	0.76
-5.39	6.83	-9.58	-3.17	0.70	4.00	0.78
-5.37	-3.53	-12.89	-3.66	0.91	-0.75	0.77
-5.17	11.63	-12.93	-5.27	0.73	2.50	0.77
-5.04	2.85	-5.90	-3.02	0.55	7.50	0.76
-5.03	-0.58	-12.97	-1.94	0.94	-1.25	0.76
-5.02	8.55	-12.54	-2.59	0.79	1.75	0.77
-5.01	2.80	-6.90	-4.60	0.55	7.25	0.76
-4.90	-3.40	-8.51	-1.97	0.94	-1.50	0.75
-4.88	6.43	-12.90	-1.69	0.70	3.75	0.78
-4.84	15.26	-14.01	-3.50	0.73	2.75	0.78
-4.76	0.13	-8.66	-5.63	0.58	6.50	0.77
-4.45	3.98	-6.26	-1.85	0.64	5.00	0.78
-4.44	8.58	-12.16	-1.25	0.76	2.25	0.77
-4.43	4.25	-10.69	-3.00	0.82	1.25	0.76
-4.43	3.90	-13.20	-1.85	0.73	3.00	0.77
-4.23	-1.65	-12.57	-0.29	0.88	0.00	0.77
-4.20	-1.73	-12.61	-1.00	0.94	-1.00	0.76
-4.19	-0.95	-9.25	1.16	0.61	5.75	0.77
-4.08	-0.68	-11.50	-2.75	0.91	-0.50	0.76
-4.08	9.30	-9.58	-0.85	0.73	3.25	0.78
-4.04	1.23	-10.72	-1.71	0.82	1.00	0.76
-3.99	-1.23	-11.83	-0.01	0.85	0.75	0.76
-3.93	-2.38	-5.22	-3.55	0.55	7.75	0.74
-3.85	11.46	-8.96	-3.46	0.76	2.50	0.77
-3.73	1.60	-5.11	-1.42	0.58	7.00	0.74
-3.67	-1.63	-11.45	-4.00	0.91	-0.25	0.76
-3.66	3.90	-6.29	-4.02	0.61	6.00	0.75
-3.66	-4.60	-5.19	-1.66	0.61	6.25	0.75
-3.64	0.20	-7.64	0.26	0.64	5.25	0.77
-3.61	3.05	-6.29	-5.12	0.58	6.75	0.76
-3.51	2.20	-9.61	-3.99	0.88	0.50	0.75
-3.47	8.73	-9.58	0.35	0.79	2.00	0.77
-3.39	0.48	-11.11	-1.46	0.88	0.25	0.76
-3.38	3.15	-3.11	-4.10	0.67	4.50	0.76
-3.34	-0.18	-5.60	-2.28	0.97	-1.25	0.75
-3.31	7.65	-9.61	-3.71	0.82	1.50	0.76
-3.26	-2.30	-6.29	-3.03	0.58	7.25	0.74
-3.24	9.80	-8.88	-1.41	0.73	3.50	0.78
-3.20	0.38	-8.51	-2.70	0.67	4.75	0.77
-3.19	-1.15	-6.26	1.25	0.64	5.50	0.76
-2.97	2.80	-8.51	-2.04	0.73	3.75	0.77
-2.92	-5.03	-7.64	-1.94	0.97	-2.00	0.75
-2.91	4.30	-8.64	-2.14	0.82	1.75	0.76
-2.85	7.45	-8.47	-1.27	0.70	4.25	0.77
-2.80	2.28	-8.47	-2.59	0.79	2.25	0.76
-2.75	-2.70	-4.08	-0.24	0.97	-1.75	0.75
-2.72	-3.95	-2.97	-4.03	0.64	5.75	0.75
-2.67	-1.23	-9.58	0.79	0.67	5.00	0.77
-2.66	-5.70	-2.97	-0.09	0.61	6.50	0.74
-2.66	-3.05	-11.83	1.57	0.76	3.25	0.77
-2.61	-4.60	-9.31	1.28	0.85	1.00	0.75
-2.36	7.38	-7.81	-1.64	0.76	2.75	0.76
-2.28	-2.95	-10.82	0.17	0.94	-0.25	0.76
-2.27	2.78	-2.59	-2.54	0.97	-1.50	0.74
-2.23	2.35	-8.51	4.71	0.79	2.50	0.77
-2.19	2.48	-9.61	1.02	0.91	0.00	0.76
-2.03	-4.33	-7.53	1.07	0.73	4.25	0.77
-1.99	-0.53	-4.52	0.75	0.85	1.75	0.76
-1.98	1.63	-9.67	-0.84	0.76	3.00	0.76
-1.94	-8.03	-8.47	-0.88	0.88	0.75	0.75
-1.91	-10.18	-2.94	2.01	0.91	0.25	0.74
-1.84	-2.38	-0.76	-1.79	0.97	-1.00	0.74
-1.75	-5.70	-10.72	-2.54	0.82	2.25	0.75
-1.67	0.55	-3.51	0.48	0.94	-0.75	0.75
-1.55	-5.38	-7.08	1.64	0.85	1.50	0.75
-1.52	-4.90	-2.97	2.05	0.76	3.50	0.76
-1.51	2.05	-4.05	-0.79	0.94	-0.50	0.75
-1.42	-8.05	-8.47	2.54	0.85	1.25	0.75
-1.40	-3.13	-7.14	-0.04	0.73	4.00	0.76
-1.39	-4.48	-6.23	-0.18	0.82	2.00	0.75
-1.36	-7.35	-5.19	1.04	0.70	4.50	0.75
-1.29	-6.15	-5.15	3.08	0.67	5.25	0.75
-1.20	-6.55	-8.51	-3.48	0.79	2.75	0.75
-1.04	-5.28	-5.22	0.49	0.70	4.75	0.76
-0.59	-9.10	-8.47	3.78	0.76	3.75	0.76
-0.45	-13.91	-6.26	2.91	0.79	3.25	0.75
-0.14	-11.26	-7.07	3.05	0.79	3.00	0.75
-0.10	0.58	-6.60	3.49	0.97	-0.75	0.75
-0.10	-15.83	-5.15	6.16	0.88	1.25	0.75
-0.01	-11.33	-3.43	1.97	0.82	2.50	0.75
-0.01	-8.10	-5.15	5.75	0.91	0.50	0.75
0.00	0.00	0.00	0.00	1.00	-2.00	0.74
0.04	-9.95	-4.03	3.30	0.70	5.00	0.74
0.09	-6.05	-1.87	3.76	0.94	0.00	0.74
0.10	-13.23	-4.75	2.79	0.88	1.00	0.74
0.14	-14.98	-4.65	3.73	0.85	2.00	0.75
0.18	-26.34	-4.67	6.37	0.88	1.50	0.75
0.30	-14.58	0.35	9.05	0.76	4.25	0.75
0.32	-0.18	-1.87	2.22	1.00	-1.75	0.74
0.36	-19.68	-4.05	5.39	0.79	3.75	0.74
0.49	-14.58	-4.56	5.51	0.73	4.50	0.75
0.57	-11.98	-0.86	3.68	0.76	4.00	0.74
0.62	-16.83	-4.05	6.46	0.79	3.50	0.75
0.68	-19.03	-4.60	5.32	0.70	5.25	0.74
1.06	-19.48	-5.56	7.31	0.76	4.50	0.74
1.17	-0.28	-0.73	1.13	0.97	-0.25	0.74
1.33	-15.56	-0.76	3.73	0.85	2.25	0.74
2.69	-23.64	-3.12	8.51	0.82	3.50	0.74
2.95	-26.81	-1.06	9.19	0.76	4.75	0.74
